   1.0000000000000000E-002   1.5747455615173558        0.0000000000000000        1.5668619420216681        0.0000000000000000     
   1.0100000000000000        3.6821924860914108       -1.5668912730681963       0.98410416712054316        7.8247119487918713E-003
   2.0099999999999998        1.3062809650358049       -1.3092540176817260       0.59729837139740971       0.60383719536666891     
   3.0099999999999998       0.99901939143002383       -1.1703140708799247       0.47434995601722935        1.0166548391946821     
   4.0099999999999998       0.84165497436786030       -1.0774711134376609       0.40575426897867006        1.3468794902184011     
   5.0099999999999998       0.74137524715940573       -1.0088506145892411       0.36037782221228348        1.6283642379445822     
   6.0099999999999998       0.67021960738885245      -0.95502061110303749       0.32748980863415461        1.8770516346490504     
   7.0099999999999998       0.61632676480736603      -0.91108912370635697       0.30223641823304670        2.1018590905421592     
   8.0099999999999998       0.57366926732107415      -0.87420790638734758       0.28205445583340288        2.3083371672626263     
   9.0099999999999998       0.53881123311112578      -0.84258061130987472       0.26544457554444784        2.5002037657702818     
   10.010000000000000       0.50963001169481337      -0.81500563397662174       0.25146309458944549        2.6800864482549902     
   11.010000000000000       0.48473346783496518      -0.79064199926570955       0.23948232383237306        2.8499198738256042     
   12.010000000000000       0.46316529663387745      -0.76887959714021292       0.22906629640224904        3.0111753519417785     
   13.010000000000000       0.44424382167891308      -0.74926266767388727       0.21990146926865403        3.1650015074863513     
   14.010000000000000       0.42746819538492375      -0.73144238069635215       0.21175578074249268        3.3123146696970167     
   15.010000000000000       0.41246102331547035      -0.71514621642248877       0.20445329396950154        3.4538592658436538     
   16.010000000000002       0.39893178814616004      -0.70015750243445884       0.19785786515522036        3.5902495129469401     
   17.010000000000002       0.38665270793567158      -0.68630133163052964       0.19186226971875137        3.7219990085694477     
   18.010000000000002       0.37544232120273002      -0.67343462346735694       0.18638075347930866        3.8495422402675223     
   19.010000000000002       0.36515403548036318      -0.66143895331344615       0.18134380257936619        3.9732505486850709     
   20.010000000000002       0.35566795731546880      -0.65021527780969768       0.17669439100940870        4.0934441922918134     
   21.010000000000002       0.34688494704577033      -0.63967998773459045       0.17238523636159719        4.2104016139990454     
   22.010000000000002       0.33872221589943680      -0.62976190865380643       0.16837675850220166        4.3243666616260015     
   23.010000000000002       0.33111001370494930      -0.62039999017176450       0.16463553780360929        4.4355542870060338     
   24.010000000000002       0.32398910161183508      -0.61154150340678981       0.16113313458160200        4.5441550968837721     
   25.010000000000002       0.31730879897210035      -0.60314061893709525       0.15784517379714619        4.6503390254374732     
   26.010000000000002       0.31102545630154993      -0.59515727328833723       0.15475062733594841        4.7542583265478022     
   27.010000000000002       0.30510124863545307      -0.58755625684785884       0.15183124535786074        4.8560500333125196     
   28.010000000000002       0.29950321273508995      -0.58030647355428733       0.14907110145149763        4.9558379960203487     
   29.010000000000002       0.29420247195777016      -0.57338033518154863       0.14645622561848287        5.0537345834190166     
   30.010000000000002       0.28917360703260708      -0.56675326206106624       0.14397430572142492        5.1498421126876233     
   31.010000000000002       0.28439414135249902      -0.56040326869816937       0.14161444279566951        5.2442540590480711     
   32.009999999999998       0.27984411693635858      -0.55431061763902001       0.13936694910353536        5.3370560850436179     
   33.009999999999998       0.27550574276808421      -0.54845752861468322       0.13722318037797521        5.4283269212107106     
   34.009999999999998       0.27136310134988201      -0.54282793276529062       0.13517539561859956        5.5181391234905712     
   35.009999999999998       0.26740190241211886      -0.53740726386676951       0.13321663924669835        5.6065597277809660     
   36.009999999999998       0.26360927507697068      -0.53218228011473223       0.13134064152363950        5.6936508181621059     
   37.009999999999998       0.25997359157537103      -0.52714091128710727       0.12954173397902694        5.7794700222844586     
   38.009999999999998       0.25648431700734009      -0.52227212709813930       0.12781477724597237        5.8640709449889075     
   39.009999999999998       0.25313188071703252      -0.51756582333713841       0.12615509920812479        5.9475035492981414     
   40.009999999999998       0.24990756570073250      -0.51301272300461342       0.12455844176102922        6.0298144923646957     
   41.009999999999998       0.24680341313391430      -0.50860429015270747       0.12302091480490557        6.1110474227042157     
   42.009999999999998       0.24381213963364387      -0.50433265453378551       0.12153895633590951        6.1912432440195238     
   43.009999999999998       0.24092706529600985      -0.50019054548158692       0.12010929770294046        6.2704403500841241     
   44.009999999999998       0.23814205088841917      -0.49617123370967109       0.11872893325797279        6.3486748344652737     
   45.009999999999998       0.23545144285134789      -0.49226847992432993       0.11739509375799785        6.4259806782976856     
   46.009999999999998       0.23285002498725715      -0.48847648932341886       0.11610522298255536        6.5023899188463625     
   47.009999999999998       0.23033297589646701      -0.48478987119614564       0.11485695711728119        6.5779328012028175     
   48.009999999999998       0.22789583136909200      -0.48120360295772158       0.11364810652486608        6.6526379151287456     
   49.009999999999998       0.22553445106513687      -0.47771299805157941       0.11247663958346142        6.7265323187833879     
   50.009999999999998       0.22324498891660305      -0.47431367723431950       0.11134066832099154        6.7996416508363833     
   51.009999999999998       0.22102386676999386      -0.47100154282764495       0.11023843561414505        6.8719902322690238     
   52.009999999999998       0.21886775085811036      -0.46777275557964459       0.10916830375462819        6.9436011589979012     
   53.009999999999998       0.21677353074906561      -0.46462371382682716       0.10812874421326378        7.0144963863105456     
   54.009999999999998       0.21473830047004711      -0.46155103468984165       0.10711832845650857        7.0846968059792212     
   55.009999999999998       0.21275934154518952      -0.45855153707111085       0.10613571968974193        7.1542223168129162     
   56.009999999999998       0.21083410772231045      -0.45562222625267523       0.10517966541888478        7.2230918893161675     
   57.009999999999998       0.20896021119330499      -0.45276027991827300       0.10424899073610039        7.2913236250444493     
   58.009999999999998       0.20713541013857337      -0.44996303544572175       0.10334259224777449        7.3589348111774111     
   59.009999999999998       0.20535759744770418      -0.44722797833463473       0.10245943257342276        7.4259419707718246     
   60.009999999999998       0.20362479048734528      -0.44455273165085046       0.10159853535305255        7.4923609091044563     
   61.009999999999998       0.20193512180326498      -0.44193504638308739       0.10075898070849397        7.5582067564697324     
   62.009999999999998       0.20028683065744643      -0.43937279261958251        9.9939901110570412E-002   7.6234940077576807     
   63.009999999999998       0.19867825531300784      -0.43686395146311668        9.9140477610010949E-002   7.6882365591028989     
   64.010000000000005       0.19710782599008256      -0.43440660761209132        9.8359936394805461E-002   7.7524477418647662     
   65.010000000000005       0.19557405842476985      -0.43199894254341420        9.7597545641125064E-002   7.8161403541723118     
   66.010000000000005       0.19407554797107010      -0.42963922824002110        9.6852612628696239E-002   7.8793266902434445     
   67.010000000000005       0.19261096419252319      -0.42732582141206749        9.6124481094697858E-002   7.9420185676671737     
   68.010000000000005       0.19117904589621096      -0.42505715816626743        9.5412528803343832E-002   8.0042273528189920     
   69.010000000000005       0.18977859656698870      -0.42283174908265581        9.4716165310557862E-002   8.0659639845629449     
   70.010000000000005       0.18840848016437337      -0.42064817466227489        9.4034829905539588E-002   8.1272389963793081     
   71.010000000000005       0.18706761724852983      -0.41850508111302792        9.3367989712980229E-002   8.1880625370436384     
   72.010000000000005       0.18575498140532787      -0.41640117644424235        9.2715137941179762E-002   8.2484443899712989     
   73.010000000000005       0.18446959594356183      -0.41433522684342616        9.2075792263116352E-002   8.3083939913311262     
   74.010000000000005       0.18321053084017788      -0.41230605331129988        9.1449493318665365E-002   8.3679204470224420     
   75.010000000000005       0.18197689991179758      -0.41031252853350653        9.0835803327346087E-002   8.4270325486013125     
   76.010000000000005       0.18076785819298641      -0.40835357396947036        9.0234304802174259E-002   8.4857387882343893     
   77.010000000000005       0.17958259950364350      -0.40642815714071251        8.9644599355956617E-002   8.5440473727517681     
   78.010000000000005       0.17842035418959654      -0.40453528910258940        8.9066306592294628E-002   8.6019662368643210     
   79.010000000000005       0.17728038702201365      -0.40267402208488662        8.8499063074317250E-002   8.6595030556053025     
   80.010000000000005       0.17616199524260548      -0.40084344728803029        8.7942521364712548E-002   8.7166652560511331     
   81.010000000000005       0.17506450674280685      -0.39904269282286475        8.7396349131395046E-002   8.7734600283716624     
   82.010000000000005       0.17398727836622033      -0.39727092178301199        8.6860228313496657E-002   8.8298943362561548     
   83.010000000000005       0.17292969432457889      -0.39552733043979466        8.6333854342943661E-002   8.8859749267575499     
   84.010000000000005       0.17189116471836380      -0.39381114655056587        8.5816935417353662E-002   8.9417083395940740     
   85.010000000000005       0.17087112415400396      -0.39212162777207821        8.5309191820216637E-002   8.9971009159443653     
   86.010000000000005       0.16986903045029036      -0.39045806017122708        8.4810355284818714E-002   9.0521588067692740     
   87.010000000000005       0.16888436342728377      -0.38881975682614717        8.4320168398608925E-002   9.1068879806911678     
   88.010000000000005       0.16791662377156863      -0.38720605651121887        8.3838384045009220E-002   9.1612942314590740     
   89.010000000000005       0.16696533197222943      -0.38561632246007066        8.3364764879914011E-002   9.2153831850259316     
   90.010000000000005       0.16603002732239952      -0.38404994120113728        8.2899082840338506E-002   9.2691603062623287     
   91.010000000000005       0.16511026698165876      -0.38250632146077185        8.2441118682972228E-002   9.3226309053291665     
   92.010000000000005       0.16420562509494543      -0.38098489312930445        8.1990661550407753E-002   9.3758001437303005     
   93.010000000000005       0.16331569196400056      -0.37948510628579823        8.1547508563225582E-002   9.4286730400644228     
   94.010000000000005       0.16244007326768253      -0.37800643027758557        8.1111464436019839E-002   9.4812544754943673     
   95.010000000000005       0.16157838932778129      -0.37654835285096538        8.0682341115811421E-002   9.5335491989504906     
   96.010000000000005       0.16073027441722723      -0.37511037932971503        8.0259957441231600E-002   9.5855618320838101     
   97.010000000000005       0.15989537610783208      -0.37369203183832583        7.9844138821214161E-002   9.6372968739834377     
   98.010000000000005       0.15907335465491834      -0.37229284856709516        7.9434716931725366E-002   9.6887587056718374     
   99.010000000000005       0.15826388241639802      -0.37091238307642327        7.9031529429480343E-002   9.7399515943905399     
   100.01000000000001       0.15746664330404361      -0.36955020363785251        7.8634419681468226E-002   9.7908796976881742     
